"d1" <-
structure(c(0.637279,0.637279,0.637279,0.637279,0.637279,0.637279,0.637279,0.637279,0.637279,0.637279,0.637279,0.637279,0.637279,0.637279,0.637279,0.637279,0.637279,0.637279,0.637279,0.637279,0.637279,0.637279,0.637279,0.637279,0.637279,0.637279,0.637279,0.637279,0.637279,0.637279), .Dim=c(15,2))
"c1" <-
structure(c(0,-0,-0,-0,-0,-0,-0,-0,-0,-0,-0,-0,-0,-0,-0,-0,-0,-0,-0,-0,-0,-0,-0,-0,-0,-0,-0,-0,-0,-0), .Dim=c(15,2))
"nsubj" <-
15
"counts1" <-
structure(c(1,1,0,1,1,0,0,0,0,0,1,0,0,0,0,0,0,0,0,1,0,2,2,1,1,0,0,0,0,1,0,1,2,1,0,2,0,0,1,1,0,1,0,1,1,1,0,0,0,0,0,0,0,0,0,1,1,2,1,0,1,0,1,0,0,1,1,1,1,1,1,1,0,1,1,0,1,0,1,1,0,0,0,0,0,0,0,1,0,0,0,0,0,0,0,0,0,0,0,0,0,0,0,0,0,0,0,0,0,0,0,0,0,0,0,0,0,0,0,0,0,0,0,0,0,0,0,1,0,0,0,0,0,0,1,0,0,0,1,0,0,0,0,0,1,0,0,0,0,0,0,0,0,0,0,0,0,0,1,0,0,0,0,1,0,1,1,1,0,1,1,1,0,0,0,1,1,1,0,0,1,1,1,0,0,1,1,1,1,0,0,0,0,0,1,0,1,0,2,1,1,1,0,1,1,0,2,1,1,0,1,0,1,0,1,0,0,1,0,0,0,0,1,0,1,0,0,0,0,0,0,0,0,0,1,2,0,0,1,0), .Dim=c(15,16))
"counts2" <-
structure(c(1,0,0,1,1,0,0,1,0,0,0,0,0,0,0,0,1,0,1,0,1,1,0,1,1,0,0,1,1,0,0,0,0,0,0,0,1,1,0,0,1,2,1,1,1,1,1,2,0,1,1,0,0,1,1,1,0,0,0,1,1,1,0,1,0,1,1,0,1,0,1,0,1,0,1,0,0,1,0,0,0,0,1,0,0,0,1,0,1,0,0,0,0,0,0,0,0,0,0,0,0,0,0,0,0,0,0,0,0,1,0,0,0,0,1,0,0,0,0,0,0,0,0,0,0,0,1,0,0,0,0,0,0,0,0,0,0,0,0,0,0,0,0,0,0,0,0,0,0,0,0,1,0,1,1,0,0,0,0,0,0,1,1,0,0,1,0,1,0,0,1,0,1,1,1,1,0,0,1,1,0,0,1,1,2,1,1,0,1,0,1,1,1,2,0,2,0,1,1,0,0,0,1,0,1,0,1,0,0,0,0,1,0,0,0,0,1,1,0,0,0,0,1,0,1,0,1,0,0,0,1,0,0,1,1,1,0,0,0,1), .Dim=c(15,16))
"nratings" <-
4
"Tol" <-
1E-05
